20259888
85096871
41168837
48423754
43799069
12131941
93410389
82497930
54836681
21776073
72496291
27871145
49131851
37480833
58730057
23419953
19620418
74325875
32346362
48962025
35812279
89760882
18725038
53677985
16833438
64292637
16021879
11052954
79503100
95613012
25314931
94147732
19199650
40064088
61316442
26883444
49319191
69745278
86510135
82149778
34453524
32024592
48753076
30984477
19822504
86697536
27102734
55479979
45533052
26629834
36687399
83942705
16209061
57673658
39090620
75340005
80652645
14804777
39832441
17884885
46482352
30804210
75678375
88659868
13597018
37987136
21338183
59085850
25701152
98693918
71212701
99054448
16348742
59251734
94318887
81990189
17191575
83515605
42790512
68172477
97518630
61171548
75849990
29484618
91186643
27891375
57108318
19798172
38511096
19932002
43931747
14075160
50474148
33313923
15312451
83089014
33005898
62398494
77929420
96085662
89818433
16112551
73021533
87954376
28230252
33403164
90236587
77133602
81424642
99775968
46555130
88138764
16225846
89704072
52896219
13584481
50174620
71361495
11281226
18663368
15691202
62377513
60394878
89356730
96347301
35465610
76774091
60117837
91275271
34233994
12385516
77105788
94943591
25847775
61105035
36464903
36540440
31853894
18174505
56257318
30578513
19749180
70818002
46922056
79676255
88764125
99628963
33980969
34853791
49565290
44959275
55730726
30946837
42505079
12321848
41368769
23711378
62357205
54109562
21317801
95606951
52455639
92324812
49586301
35370104
13296147
23142917
56366261
37946847
36064911
93886897
71234703
84701326
73765004
73597111
87472561
65750072
82011434
21098321
94872734
99769373
18909995
52066088
78348868
51299379
70127184
96383115
88605810
57757791
15544396
24626918
84328892
57084870
40488119
97666116
72162024
44959577
10253104
68332707
38860394
63571640
85055720
92090754
80029216
52581580
38367675
71589976
34101563
22431728
92450985
32089609
54159432
54984364
14595440
10508660
32632860
43820482
41741353
26321750
82329199
73967272
50986424
35925211
45428107
19003635
39169188
46423628
42422734
39262426
70803319
39075963
51280368
11003829
81216495
58438771
15641604
30030677
12411990
39929058
67651613
53386366
10688367
96843809
60268941
90017666
79623180
59144546
88568137
89538621
43882101
60754024
47799844
48407863
98229834
19831252
25577442
45793943
44341718
43097241
20680500
47991878
47641691
20305133
17575835
88791419
15442072
54651183
50962656
82627415
50820257
19736213
86018204
61795379
18623729
55919376
85981310
75796987
83122055
45631665
63484610
59548591
61699794
43272836
35073199
31700289
78783934
21382099
25793407
45686240
98726271
85353629
43760867
66509897
50623787
15100779
91465623
61359590
56088553
88918080
91670760
93759038
27263661
56132354
85676371
70421508
42503778
63576534
66577212
46934474
99080371
30080423
19410376
90959315
79765494
87039814
34843351
44938757
62723893
65729836
60288673
89470973
23769435
59856090
61254124
64624445
63639800
20023777
19291623
96389120
62156465
34405246
23213094
83906606
58420295
28283997
10230587
44519147
92384382
39200493
20269881
99641269
78993176
73431200
63956417
50645195
57317537
42016115
17675376
37551043
40448531
96788752
30205708
13762999
45609819
52964795
95540821
97081055
42695580
88197121
15311852
34739251
47453616
61004202
42459999
51433897
47836477
59381195
56857938
36423704
92179951
58911095
36309963
84709949
94120535
74607509
69409177
72845274
97157600
99171533
42827490
74135548
19074281
30356637
43541064
48522966
82038404
79638280
39484728
55097673
86325835
73575405
55431247
47932805
65781209
74550888
19021769
30931692
43728806
49125190
42678726
38328341
52187029
39136859
67238050
72653081
52085688
25240371
32351256
66181864
82402009
70825788
25373495
60623783
78780098
81755996
66839740
80985831
64784914
75565698
40497542
20273479
65082380
30811415
67834102
33098707
92284247
42960034
72985437
68872577
74215123
10262445
95039284
16328550
64049245
65576392
98956786
58239500
85509953
33554855
54860302
48716379
29118013
19858406
50602001
51995827
64945198
12014957
39435990
64521244
19885402
92155247
65834722
24512533
51652825
98415244
10447834
72160777
77642272
51470487
55495589
49723103
15803691
33732977
39828895
48509360
31989191
33522452
93374326
66736916
38781817
27738924
61088805
12274069
70736910
83311327
48397195
82034373
14394176
26641326
96050215
98575874
85282803
47459033
58839913
45323146
49597913
21932087
38158989
58737366
93000390
54469380
54185783
37041194
71347126
69483019
86459498
40337849
44757717
31400206
17917643
82369922
84183117
68275303
69061643
90766521
24660833
93194541
19496641
51615874
42583833
10737535
21530956
79040024
46472688
87607988
49813448
45886985
92656783
10775655
67685253
71416632
74279953
61863585
67073578
23765437
24951197
65616685
98930383
74521811
53695273
90109176
67182918
82069308
68332621
66120110
53688203
23649063
86951756
37541481
14139588
80341714
24614403
48136277
44727842
98903470
64658682
30933725
25738268
30951434
51882694
37574202
53564934
34025813
34380530
27144968
70488819
81827019
80638496
89754472
94932315
43855429
85660032
98702473
83089408
25586118
45427044
48522865
26143143
26220320
68119366
75160949
12117034
90378774
76416051
62331164
58932420
81864855
29742548
23947225
55386925
68869712
21033879
89368437
10382935
75276763
14851583
22969355
49266499
23653524
82189572
19395885
69085440
32302860
11573415
43873601
94893975
26330519
93445205
81692314
13292545
25796729
87289408
62004951
67028701
38956632
58989985
59549817
94895997
92940457
29248569
18145230
54498813
33498617
57637927
22704684
72121082
19561711
26435273
51048929
83781782
36609181
37339706
80451937
69519015
48398722
65822982
16350978
14247924
26926237
79953126
19005903
68237521
11668502
70935196
31526191
39259076
84756835
73829741
30442322
59723664
83493005
67577149
81081543
64039390
81831237
23368362
77676170
10417872
13365619
45194361
69080584
25842522
62527966
10144776
20684146
60127494
20099171
74837771
58677295
59558507
39302242
91687889
32053185
44972379
42320527
44867856
95841962
33649669
28195061
89788635
57666812
62053690
43908237
40388400
79258620
31957837
89062775
73354797
45870578
21488019
95729875
78816611
89577616
92689033
47470787
44643197
11682709
61023213
74420533
48338812
86739045
83614687
77246536
69080254
73518708
32292034
45809668
36375104
22083499
17084900
52355034
66199650
95275812
98291540
18072509
41880454
35886729
71889301
28230986
23891553
65801627
13116030
51634210
87179233
32271695
44029361
75336152
27133371
74689682
52565942
57723014
86102160
38601262
70874035
22122234
46914235
91269444
54850506
17578510
37360954
44656121
66082319
84652821
53474358
95820206
47262372
29666033
47601456
80725748
74485186
52357450
82973645
85813896
52747577
90576304
51192398
56811145
54790666
40511009
43995234
12944467
24335616
49741598
97371625
22595249
25687082
24039725
74114352
42464699
54441779
19370058
25663251
27639497
67319632
77359211
88339644
47333651
52419154
29672622
24653065
67970919
18752347
53156002
39347980
58951813
24921645
59137071
71950508
55869850
58592158
52688803
23549032
71459031
64715944
32718425
32376878
71062556
45749512
46826268
20956457
97171191
31899429
94986781
83534695
61263053
67143798
90131507
32017762
35216181
79605269
95975490
70461400
53027293
37683645
75209353
59600898
48130323
68605451
91411001
58560982
86106420
65295753
18337880
35511937
63176695
18177994
87782269
12868373
72339775
66429931
19767336
68430046
48686848
31901755
15024827
99497938
31886923
74123127
75403801
95143718
79404535
86544302
77333850
43251965
83319534
72510915
52429608
46267835
69151505
92327057
78206137
32655736
27763785
17205417
24371561
75343761
87868203
17540022
88964595
67898055
30497282
81479371
62087403
32648078
38289169
47082652
78026786
41861597
72898923
37387353
33759530
95278456
36601346
74196623
97731786
52513795
74643957
32403038
84133852
93222625
24010862
98224584
44255062
74249131
91104285
94590042
24617770
15441446
80424675
78126249
13949076
54503492
19233704
59873955
11466243
82545475
45493083
92348417
79355297
57511156
93647879
65958233
32248449
94200982
96851727
79472464
51392996
33615201
33159942
87984877
27144232
62051742
92418605
10141320
55414350
73480307
30683914
28149217
61841702
15337661
84676129
42603725
18726041
29207574
55985106
61964810
67575187
40054518
47837902
45722292
14822027
59848821
82376759
71437905
19245616
76241070
39980116
65060230
30117297
89088448
11061614
98009069
99829417
33185134
21833417
10084350
72831270
57093990
63883458
54590762
44351829
88682015
73945218
20625030
18718027
61799387
44039900
25034788
53893106
34486988
95019465
42799486
92520462
69790163
30444940
12578155
61496035
12173221
56605301
30371460
62609472
49547873
29548948
47451252
99009303
90634989
17174482
67140711
32748506
33379640
33630953
32031983
56359769
96234778
35973662
14816504
41462491
49142517
71499220
43276778
74091039
90172835
99118367
60880625
56684781
39989135
23404646
89959513
24240864
75060404
64841874
51216401
16763727
38772891
26292307
51094122
95551385
95221573
53120347
28899814
53457936
96844824
38932947
70107386
12680141
82517381
18827472
71347044
26988928
20413550
81212276
31626148
67326440
76488754
45892532
89884186
79009501
81439574
80930868
58784829
19023883
18831953
16876622
92257781
98076985
97100788
95742641
69789079
22345415
10794996
23877670
21494523
19899703
20456341
30190574
47115450
97142881
65620085
22688712
45310601
52200778
12450547
93433487
60910893
11791760
95812095
96245018
50166396
76749037
60069656
54487084
56980410
58072433
78323355
89490305
76320804
89447377
36749233
76463729
16067898
10306258
84698027
65809835
29472046
54961813
16208228
99667693
77500700
72698722
30280387
62498527
59923159
37175830
96347869
94642573
52448351
24623404
93675447
44070143
85286894
26957665
63000489
72395511
52051121
35192583
82321757
71206855
90788500
24529384
47765495
89451980
50429494
52336981
73802831
26452618
19105916
79262154
15327449
34026214
89957825
54488511
19717798
12745978
23789867
67355022
40468355
54033048
16900377
51364475
26995519
74504159
10329144
81157605
56693771
79459827
59293365
49058568
63954937
92647260
29453676
66268967
79787261
87482752
16730094
21594229
71322286
43534755
66156137
16618993
41221269
27909505
61492692
10431690
85054732
85803939
62030467
49067421
94907132
95429708
26450910
79032493
27331426
86192242
26983433
90906216
64250707
65563347
14120594
52024722
82486885
69053271
62319706
82685204
19168770
40068778
88097577
72501287
36291408
45276922
43997275
62238492
26704562
18564431
85264439
72202949
39899496
73201026
41080288
94092419
81386578
86664411
85695204
26814317
98464850
76934731
53877234
90431514
36111054
93974466
39709096
79284236
79529300
35739310
26265227
46560313
19711065
20787474
83357072
38550170
69484375
67360771
21705508
69710000
13233143
86899694
30424174
34769671
46490228
50392100
33254820
37945504
20263757
25938906
43206911
10064591
75502002
15930003
11009743
52240828
67475283
78672016
10893594
11260247
27471444
23383378
41541983
41405433
47333085
73307213
67492595
94143897
15768397
20359979
30187917
55839143
43417742
24056249
93576541
77280264
24233091
59787634
61804246
33182383
38858526
65952550
89101709
44592725
70508303
24612423
20134457
44229204
29915799
30451664
66565850
76866598
95171451
43364563
31661303
32002067
60207133
88486015
61560158
48181377
29351303
46849233
22630471
73627647
91784668
11809367
53898329
11390546
61796322
76561869
21643739
12764423
87093792
16569390
56053068
51871146
71264369
42214688
41118712
95208450
44304312
87702893
38817730
34373039
43330438
91811608
40059063
97602267
65614435
57404513
55627832
95391117
35983189
16391587
28792400
42312074
54596098
26373837
62707236
71196520
80290541
45302395
17308680
68502960
10724188
29366320
35824686
13370031
45190362
94554674
74705401
32808281
91905240
52919682
23199984
19610715
59247727
60842615
70782158
39636924
42644854
88744117
94277166
49066365
54188880
96890243
35932663
93939201
82606008
80387645
12627703
88577561
24276063
43587497
61816149
16844133
21380782
34517368
13503306
10256217
88000800
88632223
73650826
29552735
25384761
91225670
48603338
78698391
94882214
78044146
13065662
28035954
29057853
84039649
12303916
90715107
71123741
39549911
61800695
45710959
10550498
65575044
70661301
74813534
42657729
47194026
74104671
90001533
84947566
49128817
43991506
28717692
60724590
74030919
65798127
22219109
17451018
33453937
42813409
65313593
11543647
25699635
23455614
20642345
30176659
54512152
33170631
93054830
79633314
73289183
98163978
95883077
40082518
68709250
39943335
92729610
82315989
67316836
27931247
23062128
29234132
64768406
60414504
80586843
21070825
71343173
96008877
65259098
36823807
75962692
48835762
80771908
43137123
79810610
83466790
44915694
42166267
87822408
27041969
72253062
21523221
99118785
38370652
46406415
22927709
99774438
28058704
70743033
19450601
41909045
55790519
11523420
47457007
95533613
96877759
94668241
62501270
13264057
44577853
49696237
49340137
84911031
82430190
75159771
25887592
21850712
34192405
65637817
75995620
87526095
17749055
82876412
60188595
58506899
49812640
14194236
14700452
13729815
95003709
22003968
17037267
53974876
79708820
97994114
29034620
55816306
60639735
51987651
95028721
52167693
11761213
36614776
99961618
13181555
75771450
36327609
79262067
41540881
19346786
17147524
98547885
36565465
14562664
80130258
73221708
98664117
59746863
67760221
48018667
28133792
63495793
72097411
44121580
72820433
42499589
40381123
16942097
74150224
60602595
11935803
35297454
33938378
88539828
32540284
23647112
27120684
62073454
72323419
98149320
49469235
91666357
17453411
97085105
47153044
48144061
68927208
14669582
78100348
70164873
61914776
13798603
33185090
24202702
37494713
36870816
13841196
80049655
89963524
48725480
87708635
12995650
38816798
87243664
26789716
98117511
63830575
76145835
80527521
63622049
78175694
22167365
56729863
56113003
62914167
74033607
51758463
53505660
92805846
45091206
99414397
12489955
46324814
85077556
20518679
27498108
15337246
22315391
44927531
68872194
79154798
56657783
74367957
14335166
15850079
76967661
39654623
87490202
90920161
35872037
60915481
99757180
31629793
77366050
75467942
90436286
69598190
72899500
28363421
38078265
56610901
97844435
67717348
78605824
68308176
82347064
27967159
72375858
80667100
92582005
59496008
23773952
41474344
47093034
76067073
82164668
50723497
39867045
96507365
85782602
55948973
24850324
51778497
68757867
64549997
36304416
20475389
53185910
10047950
27362775
99420091
51288825
77251446
37628450
54527032
14484099
14963852
92983254
19006849
37587435
90777529
28823335
59068902
32849886
57790704
99314622
64487309
85350535
59328973
43031795
44411042
26155481
37879835
32757927
38468268
69631484
59276528
82873921
75613051
87390289
17379059
36359363
20006974
35155620
44699710
33463176
93824433
94433133
60931550
17372316
92561779
95297475
36380663
81039928
81431541
97836254
92580613
52503000
10120591
50432583
94276285
41284603
64409516
90892062
88427410
74432375
57972262
12541704
16031955
15214125
12569395
92705649
74282897
91610592
16812935
34737119
92959879
36218622
94254954
44880786
59618202
94760630
66746800
51942824
16418054
76254362
53297566
50072228
77211934
86700722
38425369
47500166
85302445
43067504
60680028
43967879
82895410
85621699
66062266
22063829
73946254
34126636
76809044
28741286
92947542
64483196
37431026
15841635
76828526
55820939
38045794
62425037
18253414
16862574
11059813
90583576
49205393
73825971
56355365
79792635
66043442
35568833
97501926
34823784
41777347
48508125
22279276
97125206
56892641
39761609
89590634
46535481
11503831
66237319
15026466
31677971
28527429
50203963
28982302
12799908
74673516
10636462
74258569
56660541
37135087
60399274
15549107
61662124
28956819
82085502
80809710
13885124
44827934
88310770
24849953
62193034
20766330
73705658
16000276
11676438
31590180
35915729
97028381
53155969
88241126
69889293
44291629
96142856
37917118
41814238
91549574
90436185
22665822
46936227
18091018
45103102
15820621
55771176
43331759
16581931
44806976
29284367
74294149
81817105
74038012
80522140
31141945
16618775
67974661
40078833
87115031
56914287
62030531
21080833
93037742
55323050
31583990
26805803
62367494
66815692
72453417
72339456
41757380
50178360
78499143
54495406
24124468
15469521
76209449
51082845
62682622
79208418
10147112
55008832
82329432
59077790
69930822
62376087
30260833
79092209
27211030
21732430
56289949
52907761
44827851
63676611
16634638
85781363
72197595
26824683
88607930
21849295
18455031
31123711
77147211
70513194
74917300
87727521
68368732
30523379
21603981
60994124
73185002
48383438
32782042
79355114
57958179
93258846
80301922
19563671
22523977
41938021
88879530
10703210
19972690
63303176
25124811
37045544
48329938
78295759
89906784
37296533
32389696
81511720
87492842
87347782
50179162
54124805
84567236
70023572
37771061
88882080
24510653
70715692
27509477
48063070
90813783
10941380
53373892
86607313
52060187
54997864
10257123
60435416
30007959
91146866
45931275
99888738
65619190
37707160
28248174
17192911
98771386
32686624
91738607
20263543
69094424
73674670
24145931
59685443
96027247
16587582
19887970
91410041
34483431
86815532
70989414
72497814
81055010
89092336
69691295
27762900
10121506
82382696
89130648
71276235
23707703
93740878
67067114
79551156
72652707
18730569
71115234
86083272
72911180
33283615
20505169
30200903
54497137
46057364
90488953
97506332
40885743
96800893
46458972
24697838
96113178
87233177
93741968
89230003
79446438
92166986
76508681
88680091
49678108
89263458
11833055
68989505
85277794
87175522
32086717
95260130
45659230
91801450
89426134
97725146
50349308
97124620
81859157
88995904
20904091
51629875
45665653
43640400
65002512
74972977
26335990
18489523
58000779
63017588
24760656
83679053
42647832
24167142
81047429
49133092
98961346
29198562
59704847
50907496
90462162
25575250
17873913
22684835
20841909
56096873
31708170
76584062
46963579
47211130
59517723
62594477
47620604
22514035
61002890
59361144
36843285
26677370
39611335
28389351
41102992
58430499
86922124
46075146
35572001
55962955
89760425
11935330
84140429
11445780
27720431
43987174
40271229
94961025
78982359
26044273
68897436
45719678
44058416
43022888
34921083
36473183
39244906
25361626
64575885
41650081
70507356
41781360
42864331
10756326
66471785
54506316
68079728
75500329
60414927
52118474
50418637
27186828
99728908
86693736
42158153
41493710
13553133
74108546
76411001
48698712
74793396
73242806
55792600
89625462
53445733
29719398
76202659
15305123
89745709
27666779
29879892
16023804
28706288
53566598
92874424
63449175
83279469
51196003
40186543
78993389
62616976
98286455
72830464
69461554
34528981
73602552
77540695
54722246
45158484
38721291
30269660
72283907
10288621
74017831
34778352
32964407
23132816
91035161
23165190
17778028
17373225
83620642
10593820
27414242
36315175
77557051
26836309
68236446
45721640
55886585
36181173
65710363
31185859
67705738
73123576
54408863
31380593
18144479
20347791
25275689
23695896
88119780
49834680
10225030
61124150
81820650
72566969
50868739
65801894
20508838
63634488
23540157
37228818
15158739
71868474
19717140
80402294
28464498
96970422
23509054
32359116
46379186
12216661
54382968
54706906
65631722
49219401
76871638
34055188
69281858
91506631
75141436
69380526
10643698
30879522
27715173
74906307
68340130
30704261
67052704
63607025
65476941
33231260
60658204
79424786
81996545
55403352
34787216
50609775
56871612
25611663
75758386
94844772
60548422
92646345
25612153
17010055
18032989
92951794
35292486
50792530
88742850
81811338
34202264
66919598
57465764
67514356
50661291
34541394
78304866
12089181
34466905
32191883
71066492
49659395
63330758
82245745
65560363
46122744
56686611
55548828
74268573
52406453
80059723
60943877
52567451
20877766
25905088
75515277
47912453
61909152
32909115
46792432
34702918
37565177
31256194
21119101
69976177
76624335
54668144
51163279
47125476
63721802
60546523
69832739
93886968
84716943
44197816
47250658
36822591
69644311
15747868
53165314
60928309
56660838
28681776
82444211
31268919
37082595
64431935
76185596
54591568
51847819
30176753
51842383
32896385
40597561
49580581
90039851
47572874
26175755
39729303
94773811
32343992
56390896
72394642
72497044
91891268
62069230
14344840
61545780
26539691
98068758
16115568
13481976
93439096
49347377
64431535
65553096
72387335
74207078
28018502
92886193
88539109
72197109
75602056
38720305
51958483
75997326
98677605
13272993
60393962
92159308
65123007
82026833
56983215
88353495
94201032
14988104
63658382
68851040
15924175
83134170
79514443
81469540
40748114
43388970
78744258
29581304
11517890
97221420
74955294
76922498
91158980
33570226
21619915
29973294
53594301
28173375
65836637
64357515
61568078
32069626
19163808
71594450
26772798
28863677
73283783
11434785
27105358
88777221
66872888
53186265
53122854
16740317
96921635
78197610
78509292
95477447
31262197
83441700
12162438
90755721
56273388
27194767
96386885
30899579
16305053
67164743
94167358
56215026
86408466
30994289
67395770
91625413
97759755
52895833
66999747
36566392
28220389
23788586
69880799
65160205
87674393
52604745
17396441
11429091
73339739
56498766
85731770
81715400
96702946
34571295
86878423
37946147
69928647
61954603
98753284
93433399
91062919
77168064
53263590
92042261
62181027
78144138
79266662
19874593
38870503
50227881
78627010
60380478
11444935
49688941
99400381
89280921
86392548
82986545
88810999
45144719
17883182
50195793
94503255
54563004
38214052
35966537
36575780
56119713
79476536
36353515
94938035
23776753
76827982
12792765
68891963
77729784
76453218
15383661
34085928
90566344
84355697
44853310
98389186
23017743
52185535
38496670
48651519
77909030
81192579
60445847
87163970
19246536
62306695
76783381
63649311
83849140
52120305
20417080
90463908
96132887
99269277
68901590
78562640
12739136
30662225
98824307
45653868
95691800
71539664
38436245
16016709
66910136
32192354
89171443
99932790
78312719
32108110
82396476
48820227
17434413
23519546
29939462
94883343
43185608
21244214
53274486
87853250
95205991
73411753
94088625
96256388
60679053
70719099
40145235
66698234
50632286
22590372
12243851
72869168
13893945
32245057
84102100
62207589
81481694
88079575
13017313
10276532
98785287
34672377
32181895
48240442
69895263
18079793
39978696
85430734
45882017
26671642
81040509
20537199
44501966
71094943
74546364
24651786
56898158
10069170
59576476
14751892
17884590
76713806
69366525
12508128
70239822
49661131
42373562
89157331
38371863
98331144
13028374
53003418
88662122
88324056
20331109
83280424
80159795
35866378
45050186
55139018
33663742
82940308
77504283
21765736
92910115
72626139
99754209
80018778
42090397
76644898
60722299
61335652
72972409
57657612
17927394
24604880
59551466
31831503
70866438
22133159
42676217
27492984
29437272
25202059
69799385
58213204
94545761
73551577
88886146
84993423
55597573
16812530
70696083
48516880
86835146
25223040
28953051
83832279
83838097
52793102
99986263
30069052
62399138
62200010
73949754
85509952
91844251
77955479
82826134
57398894
56378413
83095873
71941540
29684316
25637997
18145740
59559088
27604561
51486935
29314661
57243812
55206401
37259366
61221626
78044078
36633331
32272457
76313445
28332561
86209795
66432322
54858051
35797381
89597956
35339808
90377699
60765516
27565693
72567127
19673435
51561811
86533908
69624633
77753600
16922633
20006355
13277893
76790814
23619417
99483750
23623965
30925027
75770243
18724737
93187226
97505818
57078246
35161272
17774998
59687921
82064713
98225283
10019137
44861813
63228981
16536842
97167029
49937277
22700438
26824887
19836602
98292510
92481056
35805589
74292866
20588225
40024019
35125577
22809300
35183773
77440309
24587844
44982195
56699513
63260265
99981781
67941513
25310479
38119659
11206744
16756209
91494540
53929318
64574092
58251166
98978228
32252082
32309891
22366443
25058083
13804653
78756274
65887487
92117422
11588149
33865896
36164124
27284456
70816255
33703644
55460741
73802817
74903959
50887199
68369418
91298632
85905332
39614512
63707441
60285200
39156919
39417838
70091907
50615345
52792192
50987944
62311152
90383206
80039021
66682256
34277215
55999060
54325488
70472271
36292054
50450794
40805836
25459634
77247299
73047395
83750252
13734913
59498725
48242408
26055264
73330288
82067290
69400019
86078965
48820015
89093701
14266383
53919599
91630620
70341403
98396187
63678181
77456907
15439789
36240954
37949047
31971464
14686451
28813329
85250420
38184180
49276346
91755894
15585898
80668438
66006446
70683582
55587496
54931000
60744957
97788439
51513215
41291071
71023702
32045817
60480559
74264808
33711271
76922670
90454447
81306921
35359842
59262115
77323439
76448107
66880123
72745560
40548581
95001802
42899197
74858379
44369778
92619858
91662520
62937094
50914148
68047705
79293845
92473730
93763924
69185657
23884682
23391159
42855728
36223144
20650369
87124755
96771829
12464209
18106672
81102928
99711968
89063688
17587692
12344206
60804951
29737185
23091779
13333517
18809545
64704151
95015505
17091335
45972073
67063740
12594443
61385137
92859009
45793803
38650408
20797152
32186608
40959449
33906476
35974729
63044162
26006826
53806354
31797473
59966570
40117600
18758677
94939619
14340766
11608462
46355739
79898480
68678991
39852011
36990783
76355792
84794692
41381859
97037049
23243478
80154578
74858183
66839532
44108642
15601338
82800803
42091084
79056001
22303007
61245872
81789674
50472495
21932450
82641376
69824094
89767484
79164188
80094615
34710224
99009355
38988791
80295290
70584931
79988343
60281641
34220255
80299454
18881297
32016207
80434532
73987077
84719842
45095067
48450011
92454296
45375715
64574372
88553433
87815769
98002002
80268903
89067973
18061660
63594574
91464603
47763783
14861022
93172027
79692886
84638957
36342399
27711054
37534199
21854153
76924473
46074625
20204852
81457589
42721661
41271967
61805248
27433143
64063596
68427135
55010197
92627071
82520110
77196877
84078819
22037773
25660403
24232451
48434581
55598575
91112836
22839416
96651772
88956200
83777413
69957263
28902682
79844269
33290441
23033616
67689613
93325650
84924563
35675415
40447776
61649892
52458264
94631366
64748048
57960900
17079988
37400132
78850962
79251645
37433665
74380736
12856328
81876840
24456211
73766958
44452193
58010549
53522562
93580644
16007511
67577234
53861614
34877291
23938626
49728729
24504666
25904584
32640731
75494617
77895349
33308950
35152211
43577855
25807412
70202303
82687232
25867040
77289946
44923222
45468338
14398822
33430681
27294612
64758180
52612822
86930834
37821678
93486222
55561594
92922873
45095247
33528919
83818031
22251156
58057335
48013288
67909901
62293090
98224880
34489628
74775534
45625304
99108904
87268051
17052829
38271302
76555568
82609318
87889693
65063513
97706933
21895993
17489476
28659995
34562001
73955539
36641368
13979011
55790975
49760049
13226139
23136084
41392744
81673732
69058179
87288072
80922718
84092996
12425501
43762074
68992459
37257966
14986286
13895326
37105750
53887980
65860203
93183594
92524819
22135634
60718194
53365878
50852934
10317348
18941618
98311373
10857271
45427583
48096324
98843641
13798606
30467227
49609873
19168175
80206882
75578017
59562788
20712449
52352036
10185763
43737370
71722340
24393691
23719868
93340982
87265373
78022729
93094725
71392657
91111752
97089773
57463089
34010606
94865733
70105222
27733164
61363264
40829221
62659321
27246164
99640986
78602611
74024740
30297298
95686777
67268945
34977254
15563201
20118441
68473125
94776663
25823071
34674349
68193922
87045024
41761382
11513345
62798738
18496606
54367711
20921802
72048833
70592301
24252083
72235826
34691904
62504909
45287451
73121407
36837336
86846009
72024088
64396998
55526025
87509724
95275705
66762229
67500518
10375651
40682762
24860909
60260492
40063149
33945625
57649479
20115264
40020319
61733798
45685304
72213029
46985493
82204262
72112271
17775894
50746931
47457396
93702363
86369574
95412825
78225109
72338473
27110833
35772533
66951846
13868266
66924831
31046770
14332132
67177076
25362101
69141976
30728607
78998807
16723657
33728669
35761552
66090334
57682297
92629839
89758994
62192722
97240954
77221842
82143647
45607236
40961923
21213116
76176383
58331659
88141589
51911520
34906632
78946585
74235660
61077624
96901123
51443001
84653144
91592046
82333231
61829095
93283397
86605511
77792607
48955851
57795829
98565037
52409918
62678100
98235504
71170327
58965683
17707629
64740050
64138519
71057119
92835551
44005667
57964607
60626371
49976387
48437828
61534257
76778623
86327586
76335108
32027970
30640053
40643243
45248338
66124363
24376460
91266064
80832909
66417164
94694737
61957501
74609400
13181500
52617527
61450165
38999113
81052593
87310271
73926347
49615456
29749160
26321203
65779963
66673429
46536370
81611852
62618531
44722602
22495676
11510497
23753823
11478073
30937765
59120074
48474789
96857582
64634479
56661059
29899370
64768601
11377689
61484032
37814291
20807103
88985951
41759383
95642120
75641169
63886170
86527808
39274216
14066042
77019262
71671467
81133150
77191240
16739516
51802110
19943179
27625332
24869832
16214506
23937699
54929295
54292085
15387241
24502548
99766347
59309883
28047766
16174688
44963300
57220827
54000168
48505228
19007273
92108953
99750284
47939248
36944043
88608040
15341855
50725679
70892161
24188964
50952581
96521729
14890804
47243305
68340524
83813070
65830497
22950737
39412178
99283450
73489866
22703452
25250531
28976088
78130517
28408987
41100786
79334368
31449275
59949770
71649317
24195056
45026122
29217450
51018311
21642099
58980301
82151868
73713272
76667184
26415242
21412891
21624836
27015212
42825061
69505142
84103248
24059325
68018722
62750378
71781360
19635501
81353800
61192696
14315222
10756487
65189665
20672488
16616998
24943617
12466909
80673337
28271013
23463173
73269078
55864323
75513807
83142494
56479726
59244651
93293831
69138556
21706004
72608003
90192745
91800547
40626406
55322811
23782582
40258288
28000648
49118723
48196243
17451920
65799602
33883981
60358145
91861135
14381694
91901819
77011685
74990154
27358285
90191327
13915039
23475372
20695629
98561310
61261229
89802241
38384288
76690776
24490533
97147087
32503221
26137486
63068383
28897997
99966002
77838381
50869167
94261249
75654797
36499387
47245135
17904249
13333178
37664157
86080677
40693631
37921154
10489591
16670543
31493475
41941616
97651212
68455993
21667524
68952169
14092207
38844754
79755912
82336313
56515106
67361940
84462316
61636575
14789619
84952317
69534200
71664662
32534210
59639591
62405523
92724095
71522209
22090502
64133868
92603284
14596414
80658604
13037899
14876215
49187231
44852522
94645549
65010047
41318462
92013170
29126424
26145969
21348738
13593619
42730478
26197478
60501265
47669260
33845064
14772128
77256273
63007844
20854798
48113808
30032153
91767386
63398955
29771660
39254623
57198446
38186635
55600009
53807756
34732646
28000860
31502927
14434225
98170605
68808333
69634546
13746130
36895962
83723758
31032793
46462249
82413896
51577729
31430667
39066370
60487820
30010230
38029006
50125475
83013762
80833810
75453278
16455300
11636438
77383340
78270281
85299870
20745071
13553362
74900586
25579228
93695225
23395976
11660800
33977486
89682352
10767978
43289661
67887361
90560389
41789057
18731193
41765441
81044626
26468173
80096513
92106079
64345078
61237940
18807465
86221691
91688144
21741285
24286553
35411669
61498851
49591146
82921139
61734644
41164045
96965361
88962279
20240484
95963189
76503306
35365286
52973932
85935878
33863805
53654168
59386226
88588354
62426940
80202670
72812167
14831224
96084408
98724396
38770332
80889169
50087429
79342984
85847495
67338667
52931307
68673139
55669000
66466900
36519882
96557955
93955557
21347292
53600913
75432778
62456851
45325588
91998924
64302449
36938049
59080074
78551999
12544331
16403934
33818987
42873921
74878757
38613826
78548564
22319358
43757002
30539358
12495846
23807039
20950610
86303267
92647356
42996387
38149398
46929653
67681340
74797128
16910667
33911065
97932784
40816607
58440220
59258975
74292674
84447810
26398784
60914174
32991959
73821278
37716252
78843793
78541436
10677179
37581572
30550194
52052543
30301354
70374562
59539122
99601178
47838346
17001711
51642482
23563723
58209846
99718751
36941153
16320703
49645582
94210202
28962834
38769196
25292321
19776612
57228408
90072894
80087540
53989405
94961601
57425385
84299506
64127972
52999245
33202909
41687407
11943511
14213066
84920344
40623322
89718262
34965998
27862165
56987519
31913254
13600847
75547170
81495159
71575377
17124962
72657615
60894893
79367850
55449742
53835010
75196045
34668558
42797932
93595560
12283594
38279430
86353950
55327878
43036236
84395497
81108681
55045549
25656885
96888735
22107440
52346508
60741391
26053248
87035502
74684703
58738708
32449370
33192656
51784006
57667993
54077586
96142924
70173872
36585239
15737441
71577250
67243766
58533568
90023694
69893444
95743930
35034663
38724914
82800974
15081816
83304369
60884993
63173311
74448760
20607996
57885538
45427975
10326782
88327792
91608071
37207994
22738511
51148868
83837556
18708007
43778753
86256163
43073506
53229067
79039155
48951452
53623603
26984918
30251189
42661003
35209073
65373296
55602087
45933495
26028238
58952235
94008774
33826587
88652853
34155480
15822677
45377858
18184716
68660853
20037480
54907979
70118665
35464452
45482704
91387404
57429239
12997918
82744915
68597090
18306631
11919446
76066120
49086638
74066723
87728434
40309614
14576656
55680966
36492047
33977416
23851519
36380385
33402104
71768472
55486077
43254072
10949198
13922499
72458578
68421705
46694672
98069072
50813674
91770278
90409421
82870543
25166669
76372580
15213731
97892438
76094262
85120556
22666855
21209299
49285102
71450147
65185133
94042904
59615670
27808143
87468453
27186112
18321687
69282957
17243034
10127074
79888835
95792923
34133768
10235564
85936316
78256039
19594338
99850302
57404837
95668731
90363375
87172133
25440434
37314756
59090191
68487794
33970367
50238269
27560092
79179639
55729020
51074941
67239020
19136285
77475141
20518745
75906546
79738981
19751567
84466807
68875652
67241721
57859710
98118640
92198071
95220206
52946708
41046817
17196390
19280025
85064069
34937743
73836754
69653003
21899942
65158644
20049123
17798954
51054979
85265642
66235149
62539373
67197967
77241779
35809358
89257651
23097078
95241763
84549075
59621185
47548047
96730026
36866618
38780374
80517613
92041218
11676275
32371821
55980181
88021233
75179711
53578255
93525321
51796795
51774939
66373458
50444931
22719016
16652726
63633777
69560958
15505965
82304093
88857097
99479277
99667770
33287927
33929070
78680991
15315564
87665960
24227546
34401180
44906402
73010317
58477076
97758595
63016543
58473724
10812545
60324492
84645842
82429875
45430135
45858093
14997710
29171853
11069524
60722795
77586141
89787826
66083643
68621103
54534304
28949081
39580550
15266253
86613474
83227602
58263683
83487201
50926063
17243572
53627711
56809117
91303218
85687799
74375849
39682977
90451440
78413342
96917635
77090321
78655664
25467118
41639124
23022217
26175851
45505126
44586880
44568612
69925830
41757737
35067782
36879000
10815754
90706225
55599138
85539076
13688450
63615959
62492002
26157959
99089681
51255897
87672345
91686055
37027420
87109404
68565807
38497906
48891701
32220378
28830236
48047968
60916160
63783095
45916985
41492194
48937100
32489840
21472727
67451140
43641326
78313997
90739437
40216379
95942538
35167556
95436905
99256145
78515952
21667434
23379239
39060202
73553506
87566102
15933439
62525873
22613556
61198420
87419769
73780900
56708044
62319644
45556218
21736393
43005388
15128548
21751213
71216960
61316543
85140561
41122215
21647394
87209867
58953884
16389561
73433690
87024261
70529314
70111569
73928135
46613319
82244442
23248115
54143485
89363885
26604284
14382285
82450669
95235646
10681202
26380589
42991787
85991828
59698992
66007596
25933414
26861003
41689279
52736743
90606978
21302292
18342373
48175337
85495508
60068073
16767859
32014629
73247609
10664027
29323691
80851486
65324499
53427079
38052043
43263785
36491938
54211623
62258874
15236682
38232890
47338446
42548668
41630310
49903241
86637240
32224653
10101082
61682484
93383437
73735141
48879949
91124645
54248817
43776231
82958779
95370137
42218082
22966703
12284853
21339760
70446494
91946748
66536803
30171434
68582706
22641383
95457944
53825392
64848801
40500945
72977808
17084111
40020653
69418332
26965065
23776511
29924549
17375376
73079290
76133089
11040010
64248605
41395764
87241864
92915327
19763904
28649108
25731790
21553214
78518306
32299848
49348529
42174733
82516554
49308020
45089283
75965714
71119477
71726606
53075300
94315269
32455746
46947489
13861506
19759217
36596710
54354170
53009419
52455128
86303773
66570393
21943980
53396852
77315915
72434753
18386116
29410839
33547700
73194287
61048874
86823220
55009620
64687079
89072151
46023542
60703453
89641129
67691698
98582414
45524555
57043587
74324407
98839306
46955301
64260096
13904706
90927713
61033854
97969726
26643723
47407508
41772317
14794597
18966605
87812262
75026643
59151858
36045586
48821486
88636701
92298219
45498741
85114847
12451408
67916804
84918620
27068783
19661582
81995186
74082110
28152111
38239316
83035342
54907908
54336908
29905967
49207309
71985824
25781518
54286610
96468172
77119670
95326643
11750825
73682573
68540505
47189060
84907839
54767701
73402647
59876734
94250500
86813399
98346249
99113005
23661652
37548134
53772920
97859078
55255221
94299652
88025693
13044503
91864651
89291506
52143059
83495388
40454502
81260719
29014075
68725823
94734548
26777886
41972887
52932343
84669974
51852382
81129602
97282690
28370197
17101803
40926058
80163792
96115780
34458923
31530721
94150005
82742264
47904459
54312177
92842264
45861351
25590839
38780046
14358795
92339887
68051383
65952485
59438958
18197128
98081604
17397282
38920101
95807312
12564502
21948109
62652931
78272446
86583043
68138918
39660690
31971814
91300958
77730165
22357503
84120156
17599721
77790463
14667045
76706673
57392631
45915925
45199540
68366489
65806243
77481030
91885821
62904173
70630054
89680564
54685662
56733259
44581849
79873668
85016901
86062619
53248328
29071471
95017826
16257837
14274799
81436022
69713261
93827134
57043988
38574770
21718289
90757786
42016576
89469769
35004404
30386395
12147931
42096893
84280292
57206607
22690275
92841310
76904351
43150967
21356192
44647742
62231468
39387112
35143815
50378973
13098147
76111230
89968431
12173683
72740377
10313160
85046385
63224917
26045447
88375246
63455790
91336583
81776443
24987286
70681432
73971437
94298289
84513748
12156507
57620398
40608588
64107419
57093475
73503540
91770674
64611884
88060485
56207311
36991172
92947439
56427019
69190649
59032761
61947007
83618847
84952244
57017046
35249760
66747026
78633872
50616524
60076620
87721738
86681929
39981870
47332138
38710726
13840780
67613325
82718368
90621519
32040410
27316273
69459135
95785406
81856774
41820663
78040285
90351268
34032600
15021890
77266945
49589017
78182356
72543135
43249270
16205028
98576788
37300601
36971650
38257860
10855890
29995637
13770289
73217753
59118594
76344171
18509386
12739506
96308508
57905794
94501987
84658804
88856311
29553767
46112144
54681507
37869265
53902762
33387447
80500112
86155755
11374389
67877375
98829023
33821777
31507689
77596903
84686900
67418680
59679958
83011571
46578170
77193599
91841943
46812032
42790735
88420696
95772873
24281913
91470352
50991360
77100454
17540770
31256572
80179498
36064705
79124690
48166279
55703418
35677920
40867518
72841534
38688753
49166639
18250705
95513941
16306475
86922710
42469058
59897666
68648258
74942710
29286441
50936829
75237702
10056255
41232929
79422190
45755417
68151611
42564563
25152669
48799755
45658465
12408092
12481685
11777556
85558855
10248542
11013860
46521389
72431861
55294816
94575040
69587019
82811221
37057507
20635588
31852153
42577734
55341634
24403415
17714065
37706959
36159172
49582765
44235670
69242608
63537922
17676903
94210481
83419797
90802671
17928022
51342918
85908745
33653085
87154483
24960309
23035163
31416564
50735909
24610529
62601004
76073929
16672918
82558643
69463944
38838529
16567015
68207164
31892584
11023900
54779715
14160448
75727862
78144283
90113304
20328614
22138857
56327780
81839753
49472858
60560016
97394540
63778542
55371510
52803751
81089522
47578207
25446451
11271694
47020764
83341141
98327020
23487143
62800015
16960437
66651248
17145992
54245052
20205545
35404211
14016804
75363988
37027729
54307897
42161641
51068347
13741121
43179543
79299719
77962973
68900270
26124687
77190212
28039191
11713429
78973990
61485322
28365978
82201877
35095141
99466600
87124751
76692045
47512785
99510956
14287965
28833142
85363826
90220617
54127223
13575745
23165842
34970121
73195691
52378973
97394451
97964295
65109140
13392365
72593877
46881000
54502293
14304068
50580138
14331424
23861068
49278498
97503737
63218541
88577366
61962379
40526862
77304849
71816168
12204623
60348021
47641463
45635511
48683369
15624136
36268651
39454002
95377635
30832641
27893828
23611311
93653761
65333292
54165510
23620843
35455859
20497960
17474335
60292516
45188421
97619185
75433019
45350896
62765603
36452860
32567489
48476018
33064455
36090689
53416634
85142513
31236438
39588205
89456158
36839695
29358163
83126360
75662568
36182280
45920978
13897296
92088493
56947941
78425360
70149588
89977021
97873564
63483084
32680628
83061430
53535035
84642342
13641796
45140275
52848302
19912995
64903996
58890530
79601324
30567885
33950511
21653043
66812484
55031800
66419110
20474349
43273344
91147039
90383065
32541531
74116147
23859180
59722761
27259491
78910564
95699542
24329724
46503222
54475479
30252005
91148438
42796259
51221428
89773329
90832785
65331335
33795799
29672921
89164191
47694259
34024719
12078215
51804798
19674083
64699840
55297527
53985625
84012879
48298225
78305672
34166784
56893303
95070063
84118951
60572255
28494008
85833059
92805143
75508566
44973659
27147696
97502310
11241556
58934391
40674350
82781203
64459727
71874734
24968429
71367631
94314818
58073244
44188765
19836994
89605522
53487476
84368616
70703280
96283503
85432633
23499675
52614344
25981010
48785174
49275647
25947657
80865062
28741724
98598406
20087633
27007875
56469526
79916321
75443716
93926985
91833455
93362261
66124187
59376333
97218191
34862004
47476748
32801474
39238356
47895124
46514481
68664988
58601432
74242113
12357105
39497113
84410855
65921811
88931949
37072790
85068536
61677370
71928165
76289657
66510929
48879578
45823546
29933762
48334967
82553611
70966547
23541777
90988107
55687562
70294806
26727695
53700302
75969900
97389966
87046631
34118338
18861178
61669491
27683525
27264991
38561175
24597880
64162551
83047739
39825942
11557544
30094404
11436802
60817188
92198460
83641470
96071892
22574749
31500931
84876478
12462356
29309756
87034210
10262314
70558449
85362835
34944420
41540964
53558322
73217339
79465350
59672777
73880274
44048548
28495963
64356878
57230406
89655130
17669150
23538730
90835492
96358906
42012261
83511522
81060959
82940497
64070642
61743855
72561709
81446802
99786217
52841549
30209289
67250228
73621659
84419106
52203220
35979494
41192064
34357577
53000983
49174832
29088708
80606587
79240675
32669095
39956472
59733402
20981849
51634892
32909545
95448729
30791878
14254339
21720974
90542858
87053030
24048811
96107547
90509765
17805002
93788894
63920050
92321202
52326484
36800070
49005113
43515188
70862490
79180998
60279986
96888186
46462772
59969207
76288195
95707604
66143825
48313823
15602934
54311604
50040676
32120923
71596475
93759136
26559255
50891376
64984222
11203167
93127290
11194252
77742615
64690874
71045736
24289506
48702679
86445192
34280511
32247059
17487665
12089347
18980282
26749075
57328448
32791133
78310486
91050952
35973365
11648314
64629429
76782967
89982276
10305622
58569738
25205893
25144072
15010667
74235649
57390614
65207927
98887226
57087437
61154129
17882105
23349389
38777010
39762675
42322547
87680246
85621406
66626655
60880972
27601597
12025039
98385638
12518115
93887847
85672604
88288624
95959248
25695314
41942466
70094952
26815884
29387186
73974876
56204486
79880880
70043173
59298801
88250810
52002646
48005620
67302514
93499548
49210984
91285654
58914952
64551879
49279943
94635448
85485579
67873155
23896298
71016444
22858281
19358792
20000249
31601910
56286297
90062033
75494080
20466535
39569376
12480970
86025501
75830098
25444319
72621968
62132617
35961487
93674745
98992058
31180602
56189220
45855535
18409455
85554694
93706704
61955272
72409547
62609675
33372617
69594358
90821871
86853585
78836509
94603911
87322033
49704476
85306554
93682116
82014673
35993481
12800746
57494419
68020994
77032756
14180162
96926199
40909592
44280585
48840799
46556105
57814262
99535348
13384256
76768290
23049780
27464527
67686299
46863570
91039233
27125366
78662827
81867540
41788805
44724573
90533640
90791128
53241046
39552320
59721572
91298175
90508695
67970851
41758972
56120169
54838587
83924836
45974058
42301724
63239527
85312024
86166413
71104630
64899660
29373839
34056719
22393878
99707824
72980589
18788693
18697103
57583358
29481909
63253797
21608740
45406545
39821248
12661404
51984274
50112090
89680146
58378520
47722805
40108512
65406152
39500741
43083210
44662103
50873005
35812039
22676943
25833372
57395947
86027009
91484807
20187979
23432030
72877568
49516954
98551230
14492164
14987400
76786520
75634082
47892881
61152696
15422238
53237047
28262815
41360988
75451089
57409060
35472259
59692623
97700872
11854964
50481467
61513867
78182342
99784241
16615427
88642639
78369892
65288347
99409030
52968683
74571534
42224901
42357298
99775531
74243044
88413645
17033764
51380446
23503168
33884662
17811523
73636994
36104983
90998372
48161165
20144376
42518707
67499579
89033434
88344114
31341747
99611801
62718739
26105988
68399281
80829159
89672778
33885771
31812270
65613249
90632430
54892814
54181646
55810499
93440151
35227442
42487698
93589068
27915434
91385166
88463285
16364339
83197227
46798944
56101795
16972779
72927259
20476221
37458157
47699160
22862322
42686631
99386276
18910867
36404582
31405755
40688323
61124901
19668991
29803302
87406836
32329099
97667706
19101048
12541437
86232921
78031040
23212561
68772165
72089083
57334654
58053943
41942023
63922454
43305184
98584906
77454098
15805581
41619695
63024014
75139514
25280671
61693701
52909352
50877279
20607021
98489321
97775780
11934871
61833881
66180491
89351603
31484923
41872075
79952989
28491122
61856907
15230413
16615115
88978405
77169855
13837206
70890969
35361666
11445931
43535460
49164632
63413482
63197901
48761282
39163717
44674867
28836470
56737833
34097342
18149856
92692179
94964931
74346274
12076274
51176984
13925834
63892932
17166615
72102600
41460239
70509130
13429761
70877731
27837847
83735336
53884754
19873196
28477536
34474805
50029235
47618773
47728321
62883815
28964740
70902345
68684271
29949744
69185581
73824342
22697756
59019124
31732627
93362550
42853049
93165349
36416167
67015672
66189661
23000189
53373336
31142992
45713854
70295767
61305001
80640887
33648859
60796971
39258013
76561920
41149628
97817764
95614158
25059001
14365777
46119392
67393500
14751866
53904248
46394179
25390595
71575181
73207450
37484920
23558790
66877113
13904628
82122374
84182984
26788084
56146698
38120825
91190918
17261241
42664343
34315373
29855549
61856317
23204134
71629832
40590351
97738171
93079766
95285515
92873528
72429847
50168503
23779411
85732800
44913172
86883511
16864847
16548937
31048096
10598268
31537555
25195352
10847320
83298393
94034858
23679156
49935040
60832767
24773917
76186322
95022120
29907169
46664560
99080410
48844464
36116412
36558223
97885136
50760064
64909979
90114529
35267928
97343049
12177323
37277877
16654799
33015888
33587531
73096127
50363065
43333110
27155528
48811057
25577949
17320291
56620865
23855474
50940013
16803663
82080426
76161278
23230045
85623404
77012331
90642650
87695444
99526388
35999784
57859634
91060938
70975644
96960017
37368068
58875215
89293982
38707515
74116164
36427846
76692778
98521730
59634263
95622185
73881892
33289689
16067660
44369855
23026421
13836935
19184073
14395750
90985166
26072335
50515262
51416959
90251706
84002492
44130799
56468407
15247289
30217770
22695071
76767456
90635643
87871998
81777243
33986941
96442042
55472181
72987744
15250141
77664948
79691162
94823465
28543966
36120772
39104337
70198297
75914195
93389596
48123537
52620482
25995008
47621025
73337327
52036560
50074818
45294435
77348758
32296011
20771512
12516497
93512370
32758155
85898228
48062218
98619230
59348523
32536262
54819085
43484374
86807219
56872242
69787845
36375778
31407692
40491559
33375177
63141887
99547423
10650684
40718544
18079150
35002715
34315404
58450175
31384024
40696035
11742684
60206539
79136323
67078650
55725751
21004226
99962319
89380716
92419791
16282125
54486387
67537751
48604636
63683438
22623095
36523720
25262067
49768662
14679135
67260485
52294449
38296776
54256424
68290951
96545280
64293468
19609120
63234117
41510153
22200800
16692194
31823915
19769526
99227417
51304685
46842473
78696930
50342439
24679649
74512872
26394656
62894982
72790613
52028312
45450021
75214257
84724567
49075941
96867539
75469921
73306241
13175624
96178402
35774451
84986420
68882682
27333933
22324711
51467252
59919811
81351447
17474436
20841568
97450608
78288280
73595801
64020556
75384162
60197096
46233183
84367741
43082435
15654342
32624635
93760384
42210260
20965989
94069791
63907623
35770466
38749172
35128784
92356257
82046536
85932098
90163125
87529581
97998889
19508703
33694235
77301885
62743222
57247591
56910327
45245686
91679221
60228144
38793331
25208681
29884283
68926991
85545847
38019520
47370676
50004431
16618504
12343823
82011600
22178782
61004931
38908491
59863891
34983287
52508183
90656602
20091006
37040805
39319655
71872424
50859561
45176953
13565227
30548475
11743617
92480194
43710018
19053813
15012225
93837393
56343257
14640164
56670500
82957791
85358951
76109568
86938316
26212123
99669393
16319333
97734410
88256075
45835500
59393579
74066729
82599297
83850848
94368612
10129381
16919132
47609512
35672113
33190457
87960824
29472245
62204737
45231446
43020147
90816562
22066920
87468847
81372317
65272163
40308951
37548209
96140219
54425894
24233726
74456593
59787384
20699484
63620731
14032957
41271273
87142497
12367549
40472436
10972859
50708598
87109690
64381041
40541180
55887424
37316041
95252418
59435394
88294506
74015772
92099512
74569724
25200357
11336030
83472375
72783891
62321487
16057061
36791341
53166268
37038705
24976404
81008352
88417821
32238307
39457744
27930591
38337305
93449162
35436317
78929754
21467770
38637890
47004500
96057870
47246266
74817027
81009176
81863534
53003820
56294625
88338539
40201680
78897342
48796780
36771677
24402663
60604867
32503073
15296859
63744981
48350124
93259479
10249789
54901194
29679545
93678901
71173454
62419596
11927774
14477024
23830769
18345830
39060351
44914187
34905422
16206580
20236863
70924527
56761568
67425635
34303540
24906723
51614626
40018854
42675685
42126541
11207649
80132064
60528896
99226491
38789434
26823004
18745262
99422220
53370377
51324801
37491709
67932683
35822358
70723850
79718739
38957448
81717926
70469512
29664866
64650891
17814832
46938043
77513273
30833707
50907638
57205846
64517291
24385396
31713568
94635410
99750906
65426895
73890293
11582431
99055009
84305919
54844725
24122037
91667134
55759304
29445397
70229257
56299546
87152042
34643287
95573852
23017559
78459467
17926662
13567597
53586229
86255858
61943115
36294671
97512832
83749807
75999855
81970069
99501210
45907609
77216750
24895721
45773600
91723567
25945396
36276284
71818044
45411424
89490167
17002199
30496903
89862183
30811312
43377809
27346893
69970999
97822681
62859566
75530962
46734330
57504243
41347446
25867494
46919769
93775168
54188153
52997010
65319842
59622965
67367076
35766132
89244708
82958702
72416629
23579687
52804850
82117312
13731137
66716854
40825752
72949019
33564278
65258798
45701467
93628524
48722009
71970760
93471239
55859469
66764355
31352022
69473885
29504793
26916044
23346414
99679570
14295638
52794486
88495073
59145339
35037631
72920426
80756310
98247588
43253548
56904154
43050882
31412993
99715744
42582405
99943686
74553980
63401263
74719193
39017828
80542253
23443978
17129394
61413663
52979560
13761449
40371393
55176687
70956911
97470867
42680968
74982174
55773384
34428365
35479170
66921258
32351197
15977566
10440983
42902417
30471801
95892588
46917304
79308401
74244561
62480017
75556218
11513735
46944374
32012070
12776266
77583205
37756347
50678096
68366720
17592116
67534191
16780312
11570158
30980184
48400125
89941288
48560785
57415766
63339993
37068550
93014770
86279861
66378237
36456119
83257105
11017600
68999145
29434735
37284551
95702216
51277096
45910460
10825124
67336811
48292550
12532342
26004338
68629849
69859055
98538837
14839140
80502899
37484582
91883037
92185436
93556111
69863454
42864116
45632854
49077528
15032505
61817556
21717876
12712403
39355802
55544219
20440380
80353257
72482239
30072821
13266830
33790626
25522848
62995949
33348066
80555930
80535542
17632293
76890640
72142953
63201132
98207600
57648364
61392064
39930002
70248099
78326679
50199345
51111632
19026413
69388790
30451030
66050901
99521435
74293892
88011329
96762734
85938243
91149962
31437862
98518352
30837321
44265214
11935415
46153221
89584253
70038262
31595277
76817905
91999842
10063815
58583618
37166976
48551434
80442558
80493723
96454895
22551196
78303738
11817570
93428787
19547640
43027429
43063379
24780425
13074673
48811725
82051244
69790107
97417017
17748387
53145063
86424780
75711694
22116228
68798048
42813485
39652863
17796043
73454997
67269928
91467233
85897828
91886833
70066675
46863718
27124831
81181277
29124237
14330164
96808540
28381913
13077260
98347270
82547338
69743842
26771427
89357634
72839173
39441991
65825756
82274600
83141416
79918093
58035376
83555473
23597095
58600813
10090438
42921677
43949469
32591780
25791961
60019595
90120172
81562322
29241140
29395589
64628671
28746534
39481415
10623421
63423439
85625573
14466553
25782145
62527238
89038088
60691061
43248405
45560222
91441236
60021809
66260751
61314173
31873158
25342968
32563789
99448887
92663817
99829518
85740653
70127560
25579175
82672757
70623826
94571502
32436700
47111004
54395844
69375905
45309511
48120613
35218100
69830064
14689466
12723089
24833820
68932857
36583536
85294347
64756741
33343941
15417566
39578638
79966754
35385662
58311458
55931059
17570330
21403405
50524056
90862811
82996323
83131924
44863884
71095669
30164554
77994437
43899657
68307052
72418959
10700061
55905616
15228848
26059692
82138817
20386020
34832096
39732787
17379010
18337169
22219741
14868017
14809263
14569790
18320142
70631338
58879657
59135436
12452791
79272542
33653375
43375287
83662250
70847249
81877756
24971359
62033819
53058539
11699049
73557572
97462383
13430694
54455635
44347432
75166614
16955497
51456792
16260595
15801479
39278275
36701948
27294208
66067702
91043402
72516341
28612213
80243862
57072864
15677750
39520905
65967036
47252802
75783641
26154726
39625874
15691837
11240231
69251113
34949876
91004673
97080839
59706503
37587562
41024910
72891394
43016969
15069123
12022731
69228911
59026167
65661514
62878261
72575680
53184083
49252392
46944564
23827580
33239765
50678922
67100902
22540404
30138556
45018084
52856818
28468923
67283947
29947539
33693891
18803546
94618612
69378132
44881659
89589883
39423331
20890827
10897584
67246133
61954779
50810767
97885336
99273062
20615887
71156702
50137168
89077050
94785114
27205361
43246153
50451784
94186684
21697259
41710543
46848091
97567090
65492331
37905079
87450061
69291505
33841984
26648101
35553423
80124286
30858300
33180663
30893894
83679533
21967009
12196752
79706484
80551609
77170503
71533541
59271274
37658882
83164065
56925848
49565218
87620357
53073741
50979067
47080606
85737574
75672226
51398002
88199257
71605725
13389504
11289847
93108234
83563074
33041327
21786024
51182781
58633521
33708939
21290012
68940757
23530203
96218237
11327648
66777420
27246384
26811542
30030576
81419363
39621670
54708561
85990674
69472372
83910441
31691707
59369680
98185315
91601183
73622062
77552336
68200755
56174615
68720313
91416401
30157365
54876173
92606363
62166916
84237146
24922076
38826862
13433002
38535873
78156641
49044980
72128974
43835527
12075806
30656308
55530951
17236949
99778890
64945600
87518657
97174672
54877866
60193445
79847938
63909230
76317283
73954080
90369661
46174360
71841498
16571348
84280835
58461819
19401914
24438184
94690457
50017964
47282195
30191035
31555044
37674528
10001029
34528193
14420737
54399777
60770571
15030385
96054303
71146343
67012670
75645809
95516854
49229806
33801329
69628648
92559174
87252004
97512437
69701306
39701014
52590792
61008084
78236730
56525824
96728558
55839142
47425148
58583765
77395615
23309202
16088392
71549550
67159964
26572645
70515114
94079696
48588227
98778696
33202342
76943867
94166539
90161697
86189960
37149903
16869930
47121161
54033754
93576348
38216918
42470117
48758512
33756485
55297063
76283683
37674269
85257743
52295195
99516947
10346504
33057292
50414260
73136735
34905624
11548220
14926377
32720012
25023402
71901608
94507456
44880040
27091547
54292251
18048637
84409354
40962704
58557185
99990592
18610331
46921955
89537756
36310403
68573601
44901335
51095707
63598615
76876784
23564829
96364035
91339328
49938819
96170615
12248694
11825050
26290682
82445154
23101669
62761581
53187778
79554549
31038021
53196861
38990644
38398074
59138555
41125675
18299289
67153003
88798319
34816400
81355546
77161058
79396433
84158721
52790985
34980100
42244856
96818718
94998514
95235338
13571498
72375920
39920012
25125418
15961106
36404469
32483442
64814637
80600399
98463692
10024652
94769838
70687401
26349817
54773388
81137137
41045982
58334613
55367261
76345499
61803415
84657782
13855127
84703238
72166008
33817811
99371069
67130616
82265477
86306020
88261308
37657288
35173254
16680343
85023183
56024898
46735108
78947793
57953172
89318455
94627324
16168146
37326412
88872238
96018976
56048695
27604015
64556728
49139396
78683416
97118442
72445409
60362220
38384081
57292342
52665923
68577519
44979422
57497366
84543028
69579207
73123552
24356895
66361592
36684988
24251321
18218608
94441755
35378275
63563696
16550185
12778119
55949612
63044853
99872018
54445978
15626717
46000439
99960461
57155497
42036040
99704039
76307335
88325890
98864530
52006484
10816779
54296730
72702735
94222308
36040816
17850072
91214537
71053169
31881011
38610045
48337952
89146685
74047327
43508270
29730059
99660052
49575199
56593020
70889085
88694552
34922334
12014178
96668257
14534073
18177736
20790311
50580049
69331405
37783451
86647811
23206371
70279725
32487816
29614074
53529073
15395755
97535876
70285339
83666183
82099398
29896677
83487279
89142996
74975024
22962221
10556755
53562554
88915962
15895912
36914103
97812868
49555934
66854571
55209073
11556407
75380265
38848572
94311423
54658561
85075907
49828688
59573336
53338574
59364316
16456815
12598573
74857978
30974645
27872500
59259329
45657121
24918536
28526256
14021473
52136593
78429589
34444591
58377218
48413131
86899474
63604855
19834523
71967375
60599963
62713036
61106324
27190955
99492808
85420482
32393693
70539222
64095254
55868518
61853522
92088668
83646054
45710672
39678032
60273386
31498237
85405557
71739651
85630374
17018154
96993372
78236499
60048370
22798902
99011234
64346694
99656352
74929682
29880096
87164260
16981911
68864447
61016956
13898101
46541455
63201604
65102888
86045307
30076368
14444099
75216625
52953823
76717715
27398199
19162805
33796157
29055748
56877389
43517106
95547593
57102697
64416091
17781881
36058588
27120220
17744513
62713601
56447007
91517876
95555803
73732823
77302610
62801282
48810848
94646003
48600378
86617015
72499290
21500199
92420773
97343459
89146114
51671856
93322907
31610904
73169591
25988207
42544675
92364653
71637979
90819121
35973423
14822303
45896138
15797285
43990008
48773249
58571018
71871860
43459238
90468485
44364621
28771905
10988865
36472701
29267118
91140579
50992471
18025628
75312457
82460723
82391990
18004883
57215171
23546907
74032675
53211969
15165328
30030491
31185076
94037510
99709534
95455082
38232523
56882869
52046497
33334964
13620527
19209660
47981570
19082312
58536301
41436105
88199480
83019127
71807645
26450693
60475575
85385872
33511885
57634779
66941475
75270773
91184926
48638603
80875710
98809808
90827888
87788919
77498227
74678195
35078026
53146351
65468849
55091037
68645317
99242730
52919482
63320696
95502823
82758916
95369236
31287379
35867577
54459594
77884566
84040536
64298227
13473879
12846040
39217790
86274254
62504471
75332945
46915495
97923879
16456721
73802046
90370253
60390232
63413399
55289277
54620519
32101203
73791440
20237159
78293381
66645462
13090933
46954689
59578207
23372411
78453265
18500315
19428274
35749426
10859181
48944103
96456579
80682737
19309335
47437428
55615455
89247675
46062924
10585593
57028794
27718385
33269381
37190703
71985481
50056104
90934058
85245369
49874556
71596693
24585172
64387421
48797340
95650725
85238397
55707888
13128188
26652330
72042823
15814623
82184367
16659557
22653067
51146982
35144044
82585514
12580638
36519860
51572949
52166188
33496791
65167392
15971661
85234580
80378076
21258006
52256120
35128198
98002756
46373899
47029421
29632611
97409818
96474634
53635663
73941283
58385728
56978211
95623053
82048304
18677970
95219153
66184039
60928084
18128178
96740346
78614008
96409314
36855079
54676349
82338023
99913494
41987988
59176046
46838466
55177361
34962480
91579694
63251610
83277518
89359859
39992434
56936907
23325373
60988330
47663851
36719577
56133630
73000490
63701527
83325941
90652859
40495777
86737316
26360864
94150178
82957703
57931495
92476926
71561652
20798834
52818508
64394225
60541836
71923079
96596293
60908624
66025685
85242968
61070301
41633947
45126057
50428712
54072825
52931223
52779143
87723526
93290293
17267082
43265667
95744283
81496941
68956179
54031774
61270802
43947096
37682211
87242800
85509924
70073678
40463772
55887106
28904255
69756202
91771268
96682360
96673874
51087562
56464997
23853035
27839928
32374323
15457861
86922261
58569790
15570770
92351806
76072613
10482514
25745373
37687993
50440435
78847691
11498968
89306571
17927374
65014735
75558196
86466476
52092272
46584805
79623826
79484751
48237459
94834072
46291107
66076316
34396100
19488692
88269542
57466102
36540160
77473727
26012961
43208058
80047528
63143737
35741636
33438858
82345861
64354548
42524894
18725181
82915355
17441179
13575672
43084596
82201560
74510735
33276427
69377588
67465878
78285869
34659180
69875633
57515104
67884579
60574781
90501840
27300584
47227493
19741561
33971429
28194725
11886850
94162332
79294169
33959315
36716990
95117752
46564178
22447390
51034702
28525733
18751361
67089433
65559215
55184470
21158407
98578664
61386659
30338374
53402373
39407807
59191113
61463440
56533951
52432641
36966360
52680094
75506027
55308362
37181815
90158970
30916764
42601608
18861372
87389248
85992902
76864448
98672052
87460589
79945599
33280988
64183664
86460015
32735927
50115586
43387062
23541866
41596809
55067577
82362852
49173195
98363120
33415350
82859909
58554612
17173035
95300116
12785667
80927165
44395697
53052027
92596568
98380942
60607652
74832553
83881954
70857391
85068126
80259330
23263370
71215035
30010460
39030241
48441817
23449688
80267654
21732953
35139052
32028509
15174440
89373353
26516219
33832334
91419658
54367693
33710726
29049986
76932781
90217905
78579102
54890918
16967333
35366784
87768141
63597146
39111182
99541915
73333923
78479545
38750252
16231846
53671646
36535286
44305955
76015292
45760181
97613281
93493327
64144578
99780673
42929545
92822721
25419481
33462664
82360828
67345239
55941485
43291944
72455850
42874359
24534635
79330845
87745384
70173544
39988751
71475631
63790224
28503372
75967707
63641467
34356549
35995838
33445019
95634260
41470340
90561605
86522613
41480630
78495729
92063607
30125085
23655602
50615898
74580025
21849832
97878431
11006130
88685545
81971982
87536327
23265093
30821877
98384507
54331368
96843789
88642346
67970226
63928532
66106804
87722284
69209054
68724664
27139751
94707967
83177207
47095033
30621524
11641409
32796173
28217274
56129408
53368058
73667892
15801082
21887046
73885196
36084621
85531739
46215215
96184773
71731052
68830333
40771819
32534547
60152107
27941385
31146666
25195735
87346186
46507466
49403290
69000530
73000129
28106229
47107069
70075708
98609957
37376777
34583782
27463923
24373874
17994449
35904271
11278288
89796155
29507591
65054298
49154582
18549739
85332755
94348899
46841860
98803959
55623792
36438974
70917258
31359906
15048239
59792338
56087064
57314412
92313878
17568465
88237969
11177752
54003296
39862995
61117662
27327193
90871464
38973838
66934047
88624408
55853024
11547444
84542717
21040357
42191721
12459931
80688759
94332971
11794144
33413291
19584993
90013892
49350545
39452701
64558548
97125312
81810968
61286897
23855371
72107484
71641773
78009902
55196887
14471263
70968892
93609579
78695111
96862074
49517857
25722122
82290931
63399243
34659202
77677829
65043941
75510012
15230408
22830688
95701157
58613768
45019706
48518718
42074848
21392926
93713976
14955536
75420468
63169566
30648978
69734888
66747931
88517056
89197571
62266219
17475697
29928788
39862349
57818469
91313315
70098339
73726706
78039415
96660598
18074101
94975884
48672113
92126380
26440394
63486248
76981609
79529735
59865537
71317031
71355168
19755016
31112103
85507895
56669101
99874002
70345343
69141072
51435366
19971750
64643727
69396771
87792411
79947089
91326370
30855751
35573206
98122794
97395734
11287234
93628775
14671796
27478460
40882609
88993731
29729207
95718326
83017888
66506970
43963191
82827242
49990639
99583573
88665639
86377169
55855186
43714030
22519739
24517854
83498098
21283819
61728603
76591880
78326449
47733560
76488115
25533814
45964939
74658464
92457831
15219399
49222551
18173480
83898596
44990715
84156845
14193928
45947090
76490369
25403042
28305606
80143069
92536495
96674289
55661779
43859317
20915184
28623480
77195424
69192328
92429077
81093485
11889249
47700153
55164431
78007765
54422417
55994660
93965811
78550012
94893912
72935393
26977407
62387040
78557382
48982764
45726012
77318333
85189370
84150113
70105012
72448004
83096114
79110640
31487640
19457260
44716165
32433970
60218710
48950860
84699560
17134720
41265662
37470232
41006898
88713704
33959922
74015287
97190801
49702954
45388904
96223783
76750729
15015363
38687289
77583199
46119177
42167357
34356346
67486756
47278099
65193068
32003520
43970734
81386921
80872361
79545716
64425186
55130057
73116768
88601775
52557882
82249911
85193668
12083457
67298551
34881708
60417925
15492164
77911724
62927374
23885573
98498800
59754971
80528994
95207054
85300443
91108277
66591984
51277927
64905824
21107326
66582665
57230762
82100748
59516536
26204907
40678306
13711598
98666971
12231418
56838387
66804778
13713445
73902110
56079124
56366015
56046855
58749610
39682680
83354627
99625376
86231069
23087741
82458532
15205346
73886860
27324381
51756443
34684266
89677208
77802126
98683393
22641017
32618246
15133723
12135674
10337685
21611315
27249681
80817343
29419212
70313140
51119686
49521816
68388110
83384449
54975887
27207390
75054350
14168934
92234509
65628177
26562631
49530828
99581872
88433012
76487718
70960222
93782539
22116348
91196595
45950484
13952167
58036691
72396390
92293256
80198115
22071161
63010596
53071977
21508614
40923909
25638229
97765768
63625738
87882018
84077328
62820500
60318544
35273299
65939907
60610386
49948340
12545087
10939888
52252493
27913810
32379631
41476707
85271126
74497430
94104925
93759119
97703423
10795694
63094326
83633938
88587199
71601990
75968445
25147577
60889681
62881171
81190339
64127510
27694313
85317253
83714301
54861070
39548163
43089730
18696535
68161926
46872888
72623384
66333403
93131988
85633572
44942356
44152024
84727966
30795542
84877999
29962414
28997216
46052080
48180648
42762681
63925388
17215394
78923501
85909208
83001803
55542067
81839641
37975522
77295415
25948069
94991618
42409904
62948282
92968888
17951742
17767763
67009320
73920413
21207011
37353067
17681840
81292112
75356188
18570998
11623942
49544782
21574008
40310746
78095682
79748195
78457230
27805186
99525975
53620129
31204554
34105247
37760686
62594925
82935321
94003344
29047006
99697459
78260397
42174557
95007370
78598713
89595117
43042268
29141080
65698961
33273341
58018934
17032074
20481064
96474853
69987204
35765050
68848252
79989728
49839699
13559094
92273387
33505475
79280070
11388406
72561574
82071688
15095067
64746550
58375748
63699191
18939846
72307380
86794739
55440752
49034745
92835720
57834711
51820357
52717723
65728057
82365212
95620826
92301893
14809505
41677286
25352938
42575623
96315903
81748443
93957164
87041505
31391940
28014862
81635709
39389778
85120193
36188934
18432800
78561514
65187902
79653351
13295014
55506061
50068906
16660288
30484969
89885382
72019436
15594608
94298162
22008133
56531415
34479541
83322618
56213623
57606205
83436754
56223694
20151872
20607386
68610891
14625240
19833713
49627426
34724937
49058623
24984885
26875959
92733973
56016094
74369501
32657694
62987222
20191164
84432282
76028944
51167120
68989657
79416101
49502700
43030471
24599979
63391537
71369276
25999803
22708274
43240320
59589472
41550674
39821882
78053266
58648025
80459412
18484653
81246584
77843124
38546768
32316306
17888966
23758352
98690267
75627430
63685286
84651214
33100920
88144149
15877129
67108181
43816659
20784085
15603449
15465215
33428648
37398560
60498443
12006948
51349505
44527116
80655728
70837441
81545884
13092680
16544938
74098884
10965611
26329205
61141723
53153654
11680436
24462238
14419000
99658373
36515417
94533590
80340765
16126381
75196466
15369197
58759739
51750915
72684310
63832526
43082860
11216990
21213433
76906488
78657831
19400034
34624047
91963031
93973391
59789866
94159567
62408254
74648358
70788113
50229170
59487940
53407774
75121054
78577947
59729080
33704912
22224777
98852849
41390081
47804486
57980270
64037799
79149975
57695602
80890509
86018492
15232856
89341954
22105660
50302814
29715336
13594827
41925098
63246250
39301480
99197922
70513872
38173454
76747761
39748810
34247606
93907280
33180973
63750215
53077470
84097191
46502579
62256465
42952327
86081597
50703524
20811333
42839546
34628199
85291124
81347688
73408810
50476807
67537086
62622075
42049187
68529722
87497391
29819349
25209235
73155693
69558373
78971775
46132788
73739610
72011172
77096231
48079558
23732312
80475372
84442622
98333411
11164671
67195153
67932317
18690620
52560230
78193617
51737010
39322884
47168264
72190275
31207662
67360934
40534852
68479732
87069214
39669432
69677478
90051348
75780012
93242803
10003615
68477125
81040220
55225499
37999954
91562907
43987746
81806678
66957051
27928259
34809885
88384159
11191036
14841151
78215092
98188306
81014534
88220879
91786956
15818855
26782560
98904812
27133987
89640764
78218839
81185773
11360972
96036362
99195075
54172109
41331655
14568122
84598321
62665988
70527932
14698546
14839057
34812628
62432069
66656319
16984729
70738996
44478579
70327495
32064553
61093783
35686442
47239255
68016792
29439495
39201632
39793765
64529160
66102840
88474628
67656378
99915659
46600961
54729331
39860857
95650401
26056440
47906180
69209935
25700064
12880552
74245950
81700153
80149101
25721586
52115369
84154093
40119462
22541181
95832514
37065958
90820386
64027995
83949448
46322191
15936592
69169594
18202803
19653387
87407228
53165507
72065540
15214239
26685808
40340498
75423799
87444541
45920055
76455635
65045142
10460590
91833468
72582517
89758759
70717074
78875534
61153286
24149815
42539149
48051531
36489933
74761676
15934349
63898386
19776943
49110497
16978202
89828406
61355684
48351173
30014251
65155542
96257086
21410235
81574849
77001555
65467675
22875523
16536880
72365547
37395571
78774272
81288574
92131319
33176785
80533899
97423460
29159869
82168415
96270419
94339826
83534707
82295642
16291566
24447182
27757905
47059620
86163969
12102812
33498833
53291896
89508488
53294586
99619078
61668920
99007811
94703522
98120726
44085602
53442494
87148467
24510625
95544315
88875017
52628992
67103616
53137341
65808456
20811539
19443129
76176883
52195704
41655368
68761388
27617344
29373002
76787244
26552043
87797667
97169529
42581983
15583602
11100616
32445772
24028519
73468276
89377258
71296824
80158001
52211536
18381027
83541922
22146598
73416098
93064913
66708161
47024486
29182454
30175591
31457826
80015128
26710221
23713733
48653191
22411317
77628517
77261751
53326215
33759484
32774997
73627442
48454998
86451704
30210822
49217677
87388534
35636452
43570213
61488248
68978857
82329317
81439073
94483312
67786491
82121674
64323581
79182841
65430779
67251541
94887300
33054463
40433173
80319612
44579658
25885103
66715586
75940354
52337030
28491134
91578814
41256148
69394464
29490408
87374989
96518667
58460044
30769348
34189029
90665358
52251838
66289714
48270009
22885973
32559433
52963632
27258596
72130504
56515096
12798284
15110254
18864198
95682759
11002228
67178621
15260481
78260895
99134185
22212954
48341510
85813292
13560402
24484767
84467098
82689661
38178925
10683771
65894464
83023224
69909216
68009378
93024408
95577303
32492846
30791123
58389857
69602499
35788613
53917063
15604319
44144523
87889715
96596275
27357144
25619713
49056121
37895610
35106360
72120945
64212856
41851379
14227668
69234751
54118536
80446418
66333643
73337500
47521064
29233205
48505481
20784741
67406927
25808717
94682981
54310296
29238753
43865767
54101354
31936883
52858045
19038294
77024051
34342315
17374451
29055295
44793456
19345093
48868627
96149249
68884613
46894613
43646112
31694591
15355473
73418705
91168036
28462475
31280011
39574481
71471965
68914608
18976841
19134694
85815445
62947996
27485339
89114580
37443343
61467304
52424020
63444589
48560925
48439686
87948904
62728523
39593679
56412806
37075441
71369897
38010310
73336453
33360332
59271263
47522470
40224370
18498784
10803320
14095274
25842174
84655231
17478001
44348497
90115168
69039076
55645457
68768310
55715522
92013919
75088843
44891138
27977285
11409001
57031113
55033763
25124927
77841803
14573307
92321344
27891776
66292885
74071929
33171761
51194145
19164237
93672769
67177702
34872262
26611485
82735583
74195273
54818896
51171015
20162872
72651199
50708088
78483893
49998579
88452046
78920462
19199470
26149720
25389071
32794917
99075797
95757062
95659868
64857964
96234771
61366464
24611869
77792006
47806355
47307864
32762417
49424345
68936800
33685830
67685456
66567298
60106083
83615630
90497728
19969027
42753197
22700862
80321328
45709463
15509091
80174355
54956853
19619622
11461830
15244476
50422366
56625620
16182493
10764470
84745974
53963060
89686594
53868886
34549333
37213467
73065735
25473637
82281443
54974019
75550053
47199275
26291421
22632124
36978034
53372055
35021513
75844658
90114628
65880014
25977696
22213958
38895655
39517930
94720901
92894408
58605564
81999766
33857623
13450591
55158953
55332859
56474213
44475481
37988359
53117692
54686858
77802417
19264221
52157734
12562025
64482738
47436704
60351129
34151081
24446686
69052476
19447222
11730532
55917460
19737680
87304491
12778040
40144765
92501431
18553655
28024287
91624095
23565965
92641005
30389519
41231795
69232082
34873894
61118019
73417544
74027457
44665978
94526469
50366499
85685614
36617119
28299524
55164354
71663528
59197640
41308165
31896639
97013127
68262583
81289782
17024836
15747900
34862627
46276558
63692440
73224121
93243586
52090470
74945405
91104116
88796584
66360542
73940865
22477279
72357375
18939480
80734728
68511567
24974113
29159520
92296408
97016662
35465281
89979339
44234114
66777007
72906860
90434763
99496652
65793451
32939970
73065224
72301217
42465087
59536661
84965352
36709992
36767207
10443721
10957255
71072314
32765295
58227797
43004371
51621807
26951519
16815462
98979207
89351505
55944321
87138242
59943986
21618960
90783625
51779843
21225754
72606591
85650936
59328836
41228504
41957219
47022792
79204080
13980729
20012669
93740179
92043777
99162263
56806376
33509142
64419002
66322825
70534875
36655410
56693118
16602808
56792348
59682445
87687372
80978641
12133378
40010069
70710232
24447126
10296485
33821733
48124742
33175055
83171876
88130816
18998277
99040223
28031506
70267001
13809734
59752753
44550269
99030645
76599576
80847825
36433053
71134857
25551010
85577303
26692374
25047037
74851964
11982462
69851242
24909810
21710762
38862994
31833726
26781983
98756661
74793096
54698055
18980663
12016616
20637224
78863889
53706599
88992676
20229349
95959148
63852027
76576865
30029517
43329587
18109600
18823489
51471515
64349754
31793860
20712658
12775658
56844819
26740506
40751585
96061956
69575677
83828409
95265397
90739801
82983658
86886500
65217903
15869451
32829228
27044453
32819260
10116134
77907387
78664338
14636084
83990893
71341605
33455601
72601362
98543311
44284819
93205368
22065168
27615993
12501875
89793389
63986719
12336261
38299975
34642668
13127872
50002000
52287370
45073927
91815554
24738152
34351930
41789447
74890904
96524324
89949319
64139345
42467478
16251727
60960790
89726052
70456136
77911804
75217394
80324991
54136879
64345213
98191504
71831263
84144025
54779246
43669117
34954278
38932316
35875750
57728471
73696815
25159396
25649091
14978468
51234310
88769250
23804013
40110662
94147415
87877900
88052384
87326027
73520358
33006018
68863862
74454294
84107141
52979529
60243212
36784922
72566174
94614844
81382384
92934528
47246090
23742613
72727133
24274851
23275457
96856384
44701637
54916190
46849219
99093680
84426228
57422421
17870329
96763275
77127976
29099759
25193335
86923182
31189935
67937582
27958928
45767504
91366079
59485332
15737203
30453883
57278955
41179443
46946929
51488297
46838193
78881616
23209948
71604215
59255983
87988531
61157259
23193352
31052022
55354894
32244091
90682489
65116407
74181895
28796816
88797564
63833498
74377444
29883257
38268051
77984238
76648658
75356081
28920683
14334203
22936914
75290785
91237459
81478194
95309889
92636258
96709719
27212806
13209090
88967585
18808829
52589588
15445450
63676316
35111707
65031037
39798151
11414600
94604755
20895828
48475630
62476181
64584621
59530803
95162272
21900873
54526159
17354856
74125688
40188041
43204571
18794701
30806003
99075319
64027109
65838261
20480573
18867572
35707536
49194498
18050004
41202756
30866132
35135445
68651533
78311900
57531773
90386000
21171219
14823630
18196348
20308461
76612402
94860533
81898453
71322893
89344182
55044064
27589010
78464509
86128052
73855034
96914988
99365017
26109319
17040184
62616218
18263435
25699942
86819115
11643130
52609329
93421343
59494837
51492827
39399581
45174770
95252248
38187301
17447733
60338700
34155050
63671461
77533307
79606885
99642041
11556711
23016602
54738970
47332757
84300401
82778250
72921414
12390191
11481643
45400973
83232125
82133965
92118666
81005550
44576387
43863209
79524037
63325154
77197946
18035645
99045214
92811061
71997873
61201565
36991635
25048746
44051935
77154852
66013959
68086150
92285567
54634365
76817873
50918491
47305588
50572104
53570801
61471605
26074290
47732305
90732746
90768586
69840330
65836629
14112572
32551951
85432595
67231845
39775458
99943783
22532471
86112612
97691749
34939830
15126231
43726379
13241083
49707924
59992732
72939339
34555904
54928606
36352219
89927794
86594735
47536870
61578532
27408998
86221565
78885450
36881768
43138607
16020882
50188898
25859844
65472722
18310245
81219155
71187822
11124023
34351474
54523258
26212524
17731227
77575329
21290314
77307138
16777369
84664364
11006928
70390869
13886109
54930159
58428417
79896426
29556743
51122047
82761881
65747009
92649802
54420996
36698985
94847162
82660489
55402608
36545122
15297275
44786002
98757357
34541790
45391463
74966602
62468925
24854417
75990931
48106616
63493694
36215112
51272895
98849076
69242225
41832614
69514609
50650174
12296742
37941421
11538118
53132938
71136979
13908601
86461245
22056867
19058069
53275908
47498114
46403691
16868882
51610130
81425092
54792702
40877460
59170377
18039346
39710968
46525283
72927296
61988199
49601311
67871300
15387634
27996529
51982497
62930833
66726223
49641852
78860018
35746806
96851436
95496736
20605783
94958021
73001819
34666308
61120257
32608631
42167446
33084333
26415185
74097216
23234325
36208807
23331898
23774670
42895999
99417550
81968965
17499421
94429309
42406777
76924845
91177721
15763881
98910660
52667050
49152914
46967717
47875001
32338613
30138313
79019675
20911996
54727213
16349556
82271182
92185256
24588981
45057283
23546726
17575799
35426840
48039136
78836938
48424888
71050983
96233266
22394628
89137115
74197847
21114674
50193961
92043541
23819060
89963037
11710816
85447974
40193798
53068357
16629648
53224759
64157503
20955331
45246634
67732316
92183837
13324999
89894544
38429242
64913826
34206992
26161568
71103554
42590638
83385207
28776802
74556955
90380086
45747493
62800970
33589278
99318179
27148772
35010345
84741371
78152521
91695763
94882871
63386873
22826242
58679220
93892021
84612058
70915431
51267615
53731266
69675740
71815210
79309017
85876028
73424348
76089984
67472849
22458006
45113749
72503517
96193825
57036679
17812108
40975772
94277265
80584947
94357270
17613335
90983554
68798859
17085262
26510909
35820806
22330010
17420787
95704668
29655512
54663169
98062498
37922519
54499040
22313064
71511598
87200264
54569650
86143963
59659543
35959019
95110869
62768739
69158461
98051744
15644223
62405211
97447248
19443390
38347844
83004751
33071982
40608464
22520142
16047591
59694257
33119714
86517257
55570362
56990421
28510434
23431055
40853212
75801802
99735019
55811402
37462055
53478241
77136591
73790745
80378594
48005606
94233258
23614889
67358953
20566026
13971363
62158631
99397497
76907618
75171137
64595600
43186458
46198152
48856807
93323812
56183337
38934623
75224046
46755321
34912641
86767989
55700829
16744363
97941190
73684097
26178375
50516429
14348427
20296002
50219851
99660331
40251563
69035993
21218025
42175243
11129539
29526273
55982148
33187361
58976093
41029608
44483790
75592873
20477383
85778167
70384116
12743761
12901702
60785767
69384028
15757639
92600889
68193928
58010471
70093584
16086374
55940911
74191702
49123208
53272048
81119418
84212744
32570870
95213285
59128897
18413409
81707979
41210100
85699419
43507575
58491451
37078666
86347974
91787711
52696132
90226131
65579297
63288565
69543199
96468910
76082547
88417661
27427608
17956704
82975470
40444287
73626596
63919350
92570316
97636483
63707234
41930787
47210390
30643670
24582422
51395768
29066492
76840700
58959696
42968921
80859182
74393654
56845588
85054073
23494480
87833221
77033441
78235248
87014282
40337245
97684367
30559797
42759867
54987752
11711953
57403448
36688589
28440435
37078362
74514911
57434531
20711673
80405021
47343770
49532079
10010570
90984236
11389989
32556321
60796504
73839554
50914778
92100538
68526750
93886940
98468400
72824639
89113261
70278145
61829076
75541000
19544533
92167075
88645986
45765176
19837164
45045406
14033344
33343367
68503230
65864669
23537943
31941562
22546961
67787420
66748783
94981940
85271123
79257927
62154726
43529894
76053218
95335810
28031117
68782691
77536504
64423106
22178016
92098126
24030130
73111263
94293108
52506299
60942606
93981645
20306486
95243545
27511978
12200836
13906591
31699092
13399696
68603379
66512084
53741886
63501123
86217782
47037609
15999908
98036748
59781584
88437072
86343439
68061683
71504136
73509676
30881399
74260842
82189661
76427460
92157957
87298954
76885926
16201555
93855348
40906699
37867107
34875353
52123674
30122778
63088041
55604374
14845127
47642037
12860918
61593975
10822659
97788818
16055793
48694557
98595639
97703522
46653907
39598202
72430301
47142298
45771087
35379704
73338875
61400162
21371165
61752505
10279357
27765415
26938018
42436090
48046767
25134923
20349758
66849937
48322068
11657084
57749553
38533141
39016421
21906082
13934378
33210780
37129833
15852274
65486190
11384479
75186797
82977952
71860642
87028986
64187937
86913969
59946037
84493200
74924047
26675182
91385324
83956236
75376313
11961204
40936971
72514498
84901453
47478249
98369693
48478387
44449543
58325193
22427873
16239535
51351203
45327710
35765585
42138133
73188222
80063694
47777103
54915382
54895817
18181454
27027439
64373976
38420968
56242805
76947547
63883222
59692971
56040551
12341989
98832960
43007538
85023985
85307258
78651289
23648501
34311717
79763463
56119300
16604011
83211146
78993749
74570413
76851421
63907399
59948628
87917738
23739849
34600455
99398684
70747953
34271480
19271622
30308841
12718071
93674735
16755815
47881309
87938433
71081896
57615402
85184781
73016779
74100523
29065993
29701407
94005433
11323083
18656936
38255667
61899781
17239625
82287438
86208084
94429251
42197653
80438144
95079433
80874383
34009012
94490940
16928396
79645909
95591869
80257999
95974674
62306364
51416445
21670100
23164105
21756080
36372794
68188105
14797536
27508362
45955605
77866063
51307967
49298782
36944264
86797694
64920152
98195938
59180175
87533666
37554837
99268086
88665956
77587991
29512689
79173076
79461474
41486716
27089827
15376598
64498711
87471220
25386590
32840101
24116229
92776626
77528165
85862271
23034524
97420989
44705060
77559505
61885599
63153726
59381720
60262941
48166136
85696822
60760578
10093542
40672182
22069739
42724759
37496235
49065828
37499214
96107446
83588785
42627258
83328805
41737415
87386162
28812435
54267793
22703755
82810448
84834652
52475287
72114778
57915062
88420903
14244299
15967877
35721165
71714527
25559707
37859290
31477400
85510422
11258165
66697925
11508781
15550075
33032470
47328403
88893009
66321383
41504048
49263314
13618606
20419478
83893431
40916181
30352179
99524211
23364489
74166484
11697033
57497483
67898424
36637615
45512237
62299684
55454005
22556755
69965614
92463847
11480602
34486581
90402053
46099768
32916115
72479356
57030796
88720038
53090026
26961467
41935614
51856943
22169436
24070216
56315898
77275776
25338776
64435120
97167639
66059515
70763426
49689218
68113796
94554301
10397923
60954387
84224822
55394197
25384544
19595158
25462936
42493642
96773305
25107830
38091744
84039173
86385099
74521814
28787453
53280477
36799732
38527907
77627820
76792061
51654006
76073170
23781802
43998580
81058549
95627396
40577049
84526746
83685778
35895946
43096857
77415898
38027262
15430882
72922527
68913361
32980280
29539230
61703880
80312577
88671635
45419710
89561045
96345951
59781443
45855840
29040290
10097142
30175735
54837328
42667462
20744736
83960171
49453958
53447375
68216170
22645438
73247897
76510689
63768586
74511713
95646785
32398071
95109632
14243756
87427463
96955464
40504903
73013003
78925835
17353158
32459576
50250965
96988401
90529856
87730428
18842173
80939754
52920616
58636716
42609761
89343578
58207214
91771271
28440960
61082539
24826506
58217929
70719534
11077017
71937472
15818958
52165545
33963167
29149614
65945751
21134465
95364587
13127994
14706771
76703109
36716312
12955568
19236649
77664468
27686191
72822400
74991341
39390442
82690008
56413295
83261393
83145620
38058714
33446957
39536087
50349196
79008127
82172072
12140172
82649960
80444296
10870548
70670020
44293557
96848668
18132136
93694274
63115869
71234819
39743062
71373055
81563298
85433981
66079893
57148955
88681414
95026624
46209369
57268061
71923533
37440269
23372836
50554600
48415578
30063214
54210742
25179901
18458678
88759694
85057120
20287591
36035312
48500788
62193015
89669895
56961054
61500766
67621091
12729724
65385409
90914294
30657623
33713774
65288647
41177651
15379355
43402872
67792425
77489679
47985285
55578416
34564021
63868768
23466886
90704852
74132070
53609110
50833632
25931538
46885359
73746832
60927861
45057523
34437975
76330907
93335483
14445670
73760061
56908424
60142540
79115621
72698301
42609946
94875846
35720427
18566758
82165952
27101088
65212668
50119746
44881907
25131736
16112645
22122342
79888279
31976775
48038619
72485158
26721262
42890249
10833817
30719641
33180651
58396479
77466126
19561509
50582100
64486135
62052013
86743911
22141684
71155372
19567588
29271163
79440883
83071786
38372744
24222024
81876323
27014571
15959273
61579721
16449441
94694449
20170716
57970423
12955100
28528115
73599268
99949912
16774424
71052861
62347334
89962736
29899598
23352547
70909304
91342278
30950832
62770531
47942071
33998993
29417353
64622614
28908792
80570880
73984275
72904694
43162147
83622915
20359585
26184618
64704121
99061742
39350617
90417942
46903311
72870096
89040199
66104561
25712209
79176847
87137929
38782702
36394872
64682672
31294794
44261052
54461378
62556092
35606562
50211195
73021722
17463113
36489150
61496373
14409871
37469925
53411454
27185141
86343802
33779802
75774032
43493993
49233170
40234842
87397399
92287762
90635930
21737416
57289255
30679205
34728633
79475105
66849133
54606466
45616234
76755973
61184300
68007886
35914122
82470246
54774370
61662639
86740238
67748684
71145673
78132643
27715927
80522818
62875001
87626621
44642974
58551264
90068650
53902718
22340874
99848182
58412056
87648609
70118866
20782591
71564177
34298586
85133871
36355014
81332083
68853392
10087610
15109816
60903571
24653761
11253485
35339525
36874393
61934971
42244935
88014323
75288146
46019950
99473816
98494605
78905817
52015361
25124705
99698217
76802758
28681246
61319349
81859091
74274400
47986051
39321149
19829865
99942768
86821670
31749844
82326422
12249265
80494787
42182482
43534825
55200227
15063811
22800358
83493585
17446654
92782282
16023325
92926775
50098052
67705245
55439871
55962360
75493743
96104879
40513240
93201661
38442442
95144071
16183188
50263929
42902108
73651535
11194436
18137791
59284606
84303419
10747837
40552510
76388238
46424467
67130719
31092762
66242556
55760863
30849011
25830119
84637314
89446447
28830510
63768452
13382768
40004356
37352659
55948946
48643316
37197840
26454042
53969763
87022424
66533656
41742633
26765816
58882954
78528544
68091556
22455359
77439341
21935775
70565827
63146451
28227299
23347337
54251575
35103644
49886567
37377692
30985311
98803054
26200475
37957462
54924598
41168688
89328190
27457155
92184472
91878005
56146105
70318312
97300773
25869240
41199448
15666054
74928446
49925689
52953238
14444939
14242477
40221550
59246097
57134042
19611233
50877224
33589660
48266677
75018454
23657028
92705779
22946565
49234451
87227785
81105545
90385991
92999501
78327205
91487230
40620050
18854569
21857855
62691628
29095368
34548895
79383736
61408857
87812986
71168644
23850279
59146671
18991996
11317918
60497342
37216570
70251678
